5282573771453390
5282-5737-7145-3390
5282 5737 7145 3390
6594201937282146
6594-2019-3728-2146
6594 2019 3728 2146
5578555650259462
5578-5556-5025-9462
5578 5556 5025 9462
6011285737173881
6011-2857-3717-3881
6011 2857 3717 3881
5114975805729709
5114-9758-0572-9709
5114 9758 0572 9709
5445425064193544
5445-4250-6419-3544
5445 4250 6419 3544
5575669828592531
5575-6698-2859-2531
5575 6698 2859 2531
342255024082379
3422-550240-82379
3422 550240 82379
5531647260025353
5531-6472-6002-5353
5531 6472 6002 5353
344462813649701
3444-628136-49701
3444 628136 49701
4268422537140449
4268-4225-3714-0449
4268 4225 3714 0449
347624412713561
3476-244127-13561
3476 244127 13561
5357698746400547
5357-6987-4640-0547
5357 6987 4640 0547
4332205758203331
4332-2057-5820-3331
4332 2057 5820 3331
343958949990910
3439-589499-90910
3439 589499 90910
6542113232673304
6542-1132-3267-3304
6542 1132 3267 3304
372067692833436
3720-676928-33436
3720 676928 33436
4714134519808915
4714-1345-1980-8915
4714 1345 1980 8915
5297291850083623
5297-2918-5008-3623
5297 2918 5008 3623
6011075046244873
6011-0750-4624-4873
6011 0750 4624 4873
4462730102611675
4462-7301-0261-1675
4462 7301 0261 1675
374183015488937
3741-830154-88937
3741 830154 88937
372652346376815
3726-523463-76815
3726 523463 76815
4930868608479702
4930-8686-0847-9702
4930 8686 0847 9702
4509679773089544
4509-6797-7308-9544
4509 6797 7308 9544
4210270770285234
4210-2707-7028-5234
4210 2707 7028 5234
5219264433157193
5219-2644-3315-7193
5219 2644 3315 7193
5264993829781703
5264-9938-2978-1703
5264 9938 2978 1703
6592960436920553
6592-9604-3692-0553
6592 9604 3692 0553
4885108902872152
4885-1089-0287-2152
4885 1089 0287 2152
345716299037114
3457-162990-37114
3457 162990 37114
5260162868531155
5260-1628-6853-1155
5260 1628 6853 1155
5506766374454720
5506-7663-7445-4720
5506 7663 7445 4720
5505779245052947
5505-7792-4505-2947
5505 7792 4505 2947
5200408374171298
5200-4083-7417-1298
5200 4083 7417 1298
370556809006870
3705-568090-06870
3705 568090 06870
5193394523615097
5193-3945-2361-5097
5193 3945 2361 5097
379331567511516
3793-315675-11516
3793 315675 11516
371739489376495
3717-394893-76495
3717 394893 76495
378422702545880
3784-227025-45880
3784 227025 45880
4966599028009731
4966-5990-2800-9731
4966 5990 2800 9731
4309425400110549
4309-4254-0011-0549
4309 4254 0011 0549
6011203530185309
6011-2035-3018-5309
6011 2035 3018 5309
6509077906181632
6509-0779-0618-1632
6509 0779 0618 1632
4130700159520154
4130-7001-5952-0154
4130 7001 5952 0154
340806562066562
3408-065620-66562
3408 065620 66562
4390928819044191
4390-9288-1904-4191
4390 9288 1904 4191
4279342757322815
4279-3427-5732-2815
4279 3427 5732 2815
373183835363329
3731-838353-63329
3731 838353 63329
344313231097140
3443-132310-97140
3443 132310 97140
4171523297626414
4171-5232-9762-6414
4171 5232 9762 6414
349231502938435
3492-315029-38435
3492 315029 38435
340416373541702
3404-163735-41702
3404 163735 41702
6011617029120255
6011-6170-2912-0255
6011 6170 2912 0255
4554012303071671
4554-0123-0307-1671
4554 0123 0307 1671
4120889040977129
4120-8890-4097-7129
4120 8890 4097 7129
370242039046347
3702-420390-46347
3702 420390 46347
4668418071711864
4668-4180-7171-1864
4668 4180 7171 1864
377705758695026
3777-057586-95026
3777 057586 95026
340836771377047
3408-367713-77047
3408 367713 77047
4256801504483961
4256-8015-0448-3961
4256 8015 0448 3961
6561597100079543
6561-5971-0007-9543
6561 5971 0007 9543
5558583689928414
5558-5836-8992-8414
5558 5836 8992 8414
5484422070990726
5484-4220-7099-0726
5484 4220 7099 0726
375415358768015
3754-153587-68015
3754 153587 68015
4738266777053917
4738-2667-7705-3917
4738 2667 7705 3917
5548985887908556
5548-9858-8790-8556
5548 9858 8790 8556
4409914288495063
4409-9142-8849-5063
4409 9142 8849 5063
6566098587460368
6566-0985-8746-0368
6566 0985 8746 0368
5169579742126823
5169-5797-4212-6823
5169 5797 4212 6823
4708440802016654
4708-4408-0201-6654
4708 4408 0201 6654
340241792564188
3402-417925-64188
3402 417925 64188
344278550411661
3442-785504-11661
3442 785504 11661
4439727808486436
4439-7278-0848-6436
4439 7278 0848 6436
6011949885714735
6011-9498-8571-4735
6011 9498 8571 4735
6011858405041893
6011-8584-0504-1893
6011 8584 0504 1893
349116608728592
3491-166087-28592
3491 166087 28592
5135073113815850
5135-0731-1381-5850
5135 0731 1381 5850
342447499008704
3424-474990-08704
3424 474990 08704
374197369666070
3741-973696-66070
3741 973696 66070
4760158871279764
4760-1588-7127-9764
4760 1588 7127 9764
5562508762688449
5562-5087-6268-8449
5562 5087 6268 8449
340786771685198
3407-867716-85198
3407 867716 85198
6011750327918755
6011-7503-2791-8755
6011 7503 2791 8755
5317767173528648
5317-7671-7352-8648
5317 7671 7352 8648
6566157850362196
6566-1578-5036-2196
6566 1578 5036 2196
5464260250036041
5464-2602-5003-6041
5464 2602 5003 6041
6558769430626674
6558-7694-3062-6674
6558 7694 3062 6674
341456410052874
3414-564100-52874
3414 564100 52874
5413048825890139
5413-0488-2589-0139
5413 0488 2589 0139
4467217962917041
4467-2179-6291-7041
4467 2179 6291 7041
4889049034309406
4889-0490-3430-9406
4889 0490 3430 9406
5369288064456788
5369-2880-6445-6788
5369 2880 6445 6788
344864600405777
3448-646004-05777
3448 646004 05777
5178577823726999
5178-5778-2372-6999
5178 5778 2372 6999
6509335541775964
6509-3355-4177-5964
6509 3355 4177 5964
4425422109171335
4425-4221-0917-1335
4425 4221 0917 1335
5170641452966835
5170-6414-5296-6835
5170 6414 5296 6835
349847462847538
3498-474628-47538
3498 474628 47538
6011599122228757
6011-5991-2222-8757
6011 5991 2222 8757
6011093655186905
6011-0936-5518-6905
6011 0936 5518 6905
372986854625282
3729-868546-25282
3729 868546 25282
6576129676945510
6576-1296-7694-5510
6576 1296 7694 5510
6554365990587846
6554-3659-9058-7846
6554 3659 9058 7846
5371308784055862
5371-3087-8405-5862
5371 3087 8405 5862
6560731142584472
6560-7311-4258-4472
6560 7311 4258 4472
5481048684301274
5481-0486-8430-1274
5481 0486 8430 1274
377710816915143
3777-108169-15143
3777 108169 15143
5109810215220527
5109-8102-1522-0527
5109 8102 1522 0527
5412301564706805
5412-3015-6470-6805
5412 3015 6470 6805
4420830213684446
4420-8302-1368-4446
4420 8302 1368 4446
4520714722526232
4520-7147-2252-6232
4520 7147 2252 6232
5180260254090377
5180-2602-5409-0377
5180 2602 5409 0377
6572845197886388
6572-8451-9788-6388
6572 8451 9788 6388
344208520981121
3442-085209-81121
3442 085209 81121
5597241242336483
5597-2412-4233-6483
5597 2412 4233 6483
377769700194652
3777-697001-94652
3777 697001 94652
6545064437500783
6545-0644-3750-0783
6545 0644 3750 0783
348096535743552
3480-965357-43552
3480 965357 43552
6011628064037817
6011-6280-6403-7817
6011 6280 6403 7817
342768825035990
3427-688250-35990
3427 688250 35990
5307328176993230
5307-3281-7699-3230
5307 3281 7699 3230
6011796549265970
6011-7965-4926-5970
6011 7965 4926 5970
6551674991860760
6551-6749-9186-0760
6551 6749 9186 0760
6011681565112878
6011-6815-6511-2878
6011 6815 6511 2878
4813699139882433
4813-6991-3988-2433
4813 6991 3988 2433
344733150616606
3447-331506-16606
3447 331506 16606
5229972190970149
5229-9721-9097-0149
5229 9721 9097 0149
5354613915826839
5354-6139-1582-6839
5354 6139 1582 6839
6573047731751710
6573-0477-3175-1710
6573 0477 3175 1710
379718344195516
3797-183441-95516
3797 183441 95516
6011366249881391
6011-3662-4988-1391
6011 3662 4988 1391
6576049150515177
6576-0491-5051-5177
6576 0491 5051 5177
5524080678695576
5524-0806-7869-5576
5524 0806 7869 5576
345482420043030
3454-824200-43030
3454 824200 43030
6515953446510617
6515-9534-4651-0617
6515 9534 4651 0617
4803513054239986
4803-5130-5423-9986
4803 5130 5423 9986
4345515567738979
4345-5155-6773-8979
4345 5155 6773 8979
4946170106264518
4946-1701-0626-4518
4946 1701 0626 4518
5493950711017193
5493-9507-1101-7193
5493 9507 1101 7193
4391775286605312
4391-7752-8660-5312
4391 7752 8660 5312
346560764771826
3465-607647-71826
3465 607647 71826
340078027923312
3400-780279-23312
3400 780279 23312
4862751486943472
4862-7514-8694-3472
4862 7514 8694 3472
5534165825792380
5534-1658-2579-2380
5534 1658 2579 2380
379628605600353
3796-286056-00353
3796 286056 00353
4660544247273907
4660-5442-4727-3907
4660 5442 4727 3907
5514717340215315
5514-7173-4021-5315
5514 7173 4021 5315
372242547438687
3722-425474-38687
3722 425474 38687
4782791309397032
4782-7913-0939-7032
4782 7913 0939 7032
4891008746878443
4891-0087-4687-8443
4891 0087 4687 8443
376108710533479
3761-087105-33479
3761 087105 33479
370603454806392
3706-034548-06392
3706 034548 06392
371320934532865
3713-209345-32865
3713 209345 32865
6516197874590266
6516-1978-7459-0266
6516 1978 7459 0266
4475779349981818
4475-7793-4998-1818
4475 7793 4998 1818
377574461942723
3775-744619-42723
3775 744619 42723
342635498322890
3426-354983-22890
3426 354983 22890
4218629489806303
4218-6294-8980-6303
4218 6294 8980 6303
346423147442559
3464-231474-42559
3464 231474 42559
5435879937468958
5435-8799-3746-8958
5435 8799 3746 8958
372924085334390
3729-240853-34390
3729 240853 34390
4089807667586832
4089-8076-6758-6832
4089 8076 6758 6832
6577771104119256
6577-7711-0411-9256
6577 7711 0411 9256
4939979906155232
4939-9799-0615-5232
4939 9799 0615 5232
370716153543577
3707-161535-43577
3707 161535 43577
371735443143971
3717-354431-43971
3717 354431 43971
374652584127902
3746-525841-27902
3746 525841 27902
345380426972774
3453-804269-72774
3453 804269 72774
6512978876359709
6512-9788-7635-9709
6512 9788 7635 9709
5117632349422963
5117-6323-4942-2963
5117 6323 4942 2963
5195259993540729
5195-2599-9354-0729
5195 2599 9354 0729
376618791842862
3766-187918-42862
3766 187918 42862
4917380406075325
4917-3804-0607-5325
4917 3804 0607 5325
5478823067324951
5478-8230-6732-4951
5478 8230 6732 4951
6576011347264390
6576-0113-4726-4390
6576 0113 4726 4390
375359714940357
3753-597149-40357
3753 597149 40357
341792919434548
3417-929194-34548
3417 929194 34548
4239843894736022
4239-8438-9473-6022
4239 8438 9473 6022
5487580591338837
5487-5805-9133-8837
5487 5805 9133 8837
374385993757106
3743-859937-57106
3743 859937 57106
4767482224290143
4767-4822-2429-0143
4767 4822 2429 0143
345860469843396
3458-604698-43396
3458 604698 43396
6543354806923688
6543-3548-0692-3688
6543 3548 0692 3688
4754680439073254
4754-6804-3907-3254
4754 6804 3907 3254
6011574185375316
6011-5741-8537-5316
6011 5741 8537 5316
5205723416194545
5205-7234-1619-4545
5205 7234 1619 4545
5108674042440778
5108-6740-4244-0778
5108 6740 4244 0778
4899201874900962
4899-2018-7490-0962
4899 2018 7490 0962
6541706415546105
6541-7064-1554-6105
6541 7064 1554 6105
342148526582865
3421-485265-82865
3421 485265 82865
6011613684561008
6011-6136-8456-1008
6011 6136 8456 1008
374795087689876
3747-950876-89876
3747 950876 89876
6011372627378612
6011-3726-2737-8612
6011 3726 2737 8612
5126860106397933
5126-8601-0639-7933
5126 8601 0639 7933
4489252952549532
4489-2529-5254-9532
4489 2529 5254 9532
5287468771838994
5287-4687-7183-8994
5287 4687 7183 8994
4239690989404374
4239-6909-8940-4374
4239 6909 8940 4374
342237135802499
3422-371358-02499
3422 371358 02499
344589612965688
3445-896129-65688
3445 896129 65688
