PL40105012145814712379977599
PL 40 1050 1214 5814 7123 7997 7599
40 1050 1214 5814 7123 7997 7599
40105012145814712379977599
PL60109010145478201860936047
PL 60 1090 1014 5478 2018 6093 6047
60 1090 1014 5478 2018 6093 6047
60109010145478201860936047
PL73109010145119652882598454
PL 73 1090 1014 5119 6528 8259 8454
73 1090 1014 5119 6528 8259 8454
73109010145119652882598454
PL31116022024324211603549908
PL 31 1160 2202 4324 2116 0354 9908
31 1160 2202 4324 2116 0354 9908
31116022024324211603549908
PL94102011276607812670013605
PL 94 1020 1127 6607 8126 7001 3605
94 1020 1127 6607 8126 7001 3605
94102011276607812670013605
PL84103015083183901528057437
PL 84 1030 1508 3183 9015 2805 7437
84 1030 1508 3183 9015 2805 7437
84103015083183901528057437
PL92116022029460002899682326
PL 92 1160 2202 9460 0028 9968 2326
92 1160 2202 9460 0028 9968 2326
92116022029460002899682326
PL69103015089351202197232039
PL 69 1030 1508 9351 2021 9723 2039
69 1030 1508 9351 2021 9723 2039
69103015089351202197232039
PL40249000057983900169600703
PL 40 2490 0005 7983 9001 6960 0703
40 2490 0005 7983 9001 6960 0703
40249000057983900169600703
PL14105015209674136715166518
PL 14 1050 1520 9674 1367 1516 6518
14 1050 1520 9674 1367 1516 6518
14105015209674136715166518
PL75103010730591886301245901
PL 75 1030 1073 0591 8863 0124 5901
75 1030 1073 0591 8863 0124 5901
75103010730591886301245901
PL79105012146939857428391993
PL 79 1050 1214 6939 8574 2839 1993
79 1050 1214 6939 8574 2839 1993
79105012146939857428391993
PL42103015084086108822257146
PL 42 1030 1508 4086 1088 2225 7146
42 1030 1508 4086 1088 2225 7146
42103015084086108822257146
PL60249000052915675358614399
PL 60 2490 0005 2915 6753 5861 4399
60 2490 0005 2915 6753 5861 4399
60249000052915675358614399
PL27249000053638355708731176
PL 27 2490 0005 3638 3557 0873 1176
27 2490 0005 3638 3557 0873 1176
27249000053638355708731176
PL97109010713140584836999889
PL 97 1090 1071 3140 5848 3699 9889
97 1090 1071 3140 5848 3699 9889
97109010713140584836999889
PL88102010559585809471298451
PL 88 1020 1055 9585 8094 7129 8451
88 1020 1055 9585 8094 7129 8451
88102010559585809471298451
PL21102010553889952474438591
PL 21 1020 1055 3889 9524 7443 8591
21 1020 1055 3889 9524 7443 8591
21102010553889952474438591
PL73109010716980460644774482
PL 73 1090 1071 6980 4606 4477 4482
73 1090 1071 6980 4606 4477 4482
73109010716980460644774482
PL29103010732555993098621805
PL 29 1030 1073 2555 9930 9862 1805
29 1030 1073 2555 9930 9862 1805
29103010732555993098621805
PL08114020049865293642105830
PL 08 1140 2004 9865 2936 4210 5830
08 1140 2004 9865 2936 4210 5830
08114020049865293642105830
PL29109021705318585457018337
PL 29 1090 2170 5318 5854 5701 8337
29 1090 2170 5318 5854 5701 8337
29109021705318585457018337
PL22109010140817486643338580
PL 22 1090 1014 0817 4866 4333 8580
22 1090 1014 0817 4866 4333 8580
22109010140817486643338580
PL12172400011116098130407065
PL 12 1724 0001 1116 0981 3040 7065
12 1724 0001 1116 0981 3040 7065
12172400011116098130407065
PL91109010717060974568095853
PL 91 1090 1071 7060 9745 6809 5853
91 1090 1071 7060 9745 6809 5853
91109010717060974568095853
PL61103010732095041787132232
PL 61 1030 1073 2095 0417 8713 2232
61 1030 1073 2095 0417 8713 2232
61103010732095041787132232
PL77114020041645257947395567
PL 77 1140 2004 1645 2579 4739 5567
77 1140 2004 1645 2579 4739 5567
77114020041645257947395567
PL76103010738782725318086530
PL 76 1030 1073 8782 7253 1808 6530
76 1030 1073 8782 7253 1808 6530
76103010738782725318086530
PL90249000052278319377114616
PL 90 2490 0005 2278 3193 7711 4616
90 2490 0005 2278 3193 7711 4616
90249000052278319377114616
PL31124010372828647161015559
PL 31 1240 1037 2828 6471 6101 5559
31 1240 1037 2828 6471 6101 5559
31124010372828647161015559
PL76249000055198184217086299
PL 76 2490 0005 5198 1842 1708 6299
76 2490 0005 5198 1842 1708 6299
76249000055198184217086299
PL20103015080348050538822300
PL 20 1030 1508 0348 0505 3882 2300
20 1030 1508 0348 0505 3882 2300
20103015080348050538822300
PL75124010370656978212124022
PL 75 1240 1037 0656 9782 1212 4022
75 1240 1037 0656 9782 1212 4022
75124010370656978212124022
PL38160010714241342432822978
PL 38 1600 1071 4241 3424 3282 2978
38 1600 1071 4241 3424 3282 2978
38160010714241342432822978
PL26172400012225722102032622
PL 26 1724 0001 2225 7221 0203 2622
26 1724 0001 2225 7221 0203 2622
26172400012225722102032622
PL07116022023000060864584734
PL 07 1160 2202 3000 0608 6458 4734
07 1160 2202 3000 0608 6458 4734
07116022023000060864584734
PL12105012142771284581609174
PL 12 1050 1214 2771 2845 8160 9174
12 1050 1214 2771 2845 8160 9174
12105012142771284581609174
PL76249000055166975064102129
PL 76 2490 0005 5166 9750 6410 2129
76 2490 0005 5166 9750 6410 2129
76249000055166975064102129
PL38102010555144670382198356
PL 38 1020 1055 5144 6703 8219 8356
38 1020 1055 5144 6703 8219 8356
38102010555144670382198356
PL48103010739407150139509395
PL 48 1030 1073 9407 1501 3950 9395
48 1030 1073 9407 1501 3950 9395
48103010739407150139509395
PL68109010144091685916858400
PL 68 1090 1014 4091 6859 1685 8400
68 1090 1014 4091 6859 1685 8400
68109010144091685916858400
PL85105012140486529273957335
PL 85 1050 1214 0486 5292 7395 7335
85 1050 1214 0486 5292 7395 7335
85105012140486529273957335
PL96105012142094136341690238
PL 96 1050 1214 2094 1363 4169 0238
96 1050 1214 2094 1363 4169 0238
96105012142094136341690238
PL95103010738935948919059574
PL 95 1030 1073 8935 9489 1905 9574
95 1030 1073 8935 9489 1905 9574
95103010738935948919059574
PL38109010718269030862592644
PL 38 1090 1071 8269 0308 6259 2644
38 1090 1071 8269 0308 6259 2644
38109010718269030862592644
PL78249000057990006071268953
PL 78 2490 0005 7990 0060 7126 8953
78 2490 0005 7990 0060 7126 8953
78249000057990006071268953
PL56103010733329271981462201
PL 56 1030 1073 3329 2719 8146 2201
56 1030 1073 3329 2719 8146 2201
56103010733329271981462201
PL04109021702654022725082074
PL 04 1090 2170 2654 0227 2508 2074
04 1090 2170 2654 0227 2508 2074
04109021702654022725082074
PL29102010557950815302143408
PL 29 1020 1055 7950 8153 0214 3408
29 1020 1055 7950 8153 0214 3408
29102010557950815302143408
PL58172400010774958499006170
PL 58 1724 0001 0774 9584 9900 6170
58 1724 0001 0774 9584 9900 6170
58172400010774958499006170
PL19109010717472876668395038
PL 19 1090 1071 7472 8766 6839 5038
19 1090 1071 7472 8766 6839 5038
19109010717472876668395038
PL49160010712134470888381268
PL 49 1600 1071 2134 4708 8838 1268
49 1600 1071 2134 4708 8838 1268
49160010712134470888381268
PL31103015083477724703849187
PL 31 1030 1508 3477 7247 0384 9187
31 1030 1508 3477 7247 0384 9187
31103015083477724703849187
PL58114020047229783070800554
PL 58 1140 2004 7229 7830 7080 0554
58 1140 2004 7229 7830 7080 0554
58114020047229783070800554
PL05109010142868510555701890
PL 05 1090 1014 2868 5105 5570 1890
05 1090 1014 2868 5105 5570 1890
05109010142868510555701890
PL45109021703655171414979402
PL 45 1090 2170 3655 1714 1497 9402
45 1090 2170 3655 1714 1497 9402
45109021703655171414979402
PL73109021707198262832227347
PL 73 1090 2170 7198 2628 3222 7347
73 1090 2170 7198 2628 3222 7347
73109021707198262832227347
PL40109010146850896882144828
PL 40 1090 1014 6850 8968 8214 4828
40 1090 1014 6850 8968 8214 4828
40109010146850896882144828
PL55103010735629399250622916
PL 55 1030 1073 5629 3992 5062 2916
55 1030 1073 5629 3992 5062 2916
55103010735629399250622916
PL83102011272915069974818936
PL 83 1020 1127 2915 0699 7481 8936
83 1020 1127 2915 0699 7481 8936
83102011272915069974818936
PL99103015084470393887566628
PL 99 1030 1508 4470 3938 8756 6628
99 1030 1508 4470 3938 8756 6628
99103015084470393887566628
PL36116022021462087302920986
PL 36 1160 2202 1462 0873 0292 0986
36 1160 2202 1462 0873 0292 0986
36116022021462087302920986
PL96109010147064680358773273
PL 96 1090 1014 7064 6803 5877 3273
96 1090 1014 7064 6803 5877 3273
96109010147064680358773273
PL89102011273660337176024487
PL 89 1020 1127 3660 3371 7602 4487
89 1020 1127 3660 3371 7602 4487
89102011273660337176024487
PL04109021702247728981427567
PL 04 1090 2170 2247 7289 8142 7567
04 1090 2170 2247 7289 8142 7567
04109021702247728981427567
PL45103015080662897885552544
PL 45 1030 1508 0662 8978 8555 2544
45 1030 1508 0662 8978 8555 2544
45103015080662897885552544
PL27105015209330320184039540
PL 27 1050 1520 9330 3201 8403 9540
27 1050 1520 9330 3201 8403 9540
27105015209330320184039540
PL34102011279221650253580067
PL 34 1020 1127 9221 6502 5358 0067
34 1020 1127 9221 6502 5358 0067
34102011279221650253580067
PL78103015081139766143085541
PL 78 1030 1508 1139 7661 4308 5541
78 1030 1508 1139 7661 4308 5541
78103015081139766143085541
PL24102011278007733197341309
PL 24 1020 1127 8007 7331 9734 1309
24 1020 1127 8007 7331 9734 1309
24102011278007733197341309
PL36109010711935861722139926
PL 36 1090 1071 1935 8617 2213 9926
36 1090 1071 1935 8617 2213 9926
36109010711935861722139926
PL66109010145575300273119249
PL 66 1090 1014 5575 3002 7311 9249
66 1090 1014 5575 3002 7311 9249
66109010145575300273119249
PL93109010711848388692959007
PL 93 1090 1071 1848 3886 9295 9007
93 1090 1071 1848 3886 9295 9007
93109010711848388692959007
PL85105012146143330034487949
PL 85 1050 1214 6143 3300 3448 7949
85 1050 1214 6143 3300 3448 7949
85105012146143330034487949
PL57102011271141777189207993
PL 57 1020 1127 1141 7771 8920 7993
57 1020 1127 1141 7771 8920 7993
57102011271141777189207993
PL19103010734409619451645876
PL 19 1030 1073 4409 6194 5164 5876
19 1030 1073 4409 6194 5164 5876
19103010734409619451645876
PL69105012148172648746215987
PL 69 1050 1214 8172 6487 4621 5987
69 1050 1214 8172 6487 4621 5987
69105012148172648746215987
PL41124010377921225856658588
PL 41 1240 1037 7921 2258 5665 8588
41 1240 1037 7921 2258 5665 8588
41124010377921225856658588
PL40109021706169412146662293
PL 40 1090 2170 6169 4121 4666 2293
40 1090 2170 6169 4121 4666 2293
40109021706169412146662293
PL97109010712237838421158539
PL 97 1090 1071 2237 8384 2115 8539
97 1090 1071 2237 8384 2115 8539
97109010712237838421158539
PL84124010376238035181829506
PL 84 1240 1037 6238 0351 8182 9506
84 1240 1037 6238 0351 8182 9506
84124010376238035181829506
PL82105012148037963647788119
PL 82 1050 1214 8037 9636 4778 8119
82 1050 1214 8037 9636 4778 8119
82105012148037963647788119
PL46114020049045509350477548
PL 46 1140 2004 9045 5093 5047 7548
46 1140 2004 9045 5093 5047 7548
46114020049045509350477548
PL87109021704864509649970651
PL 87 1090 2170 4864 5096 4997 0651
87 1090 2170 4864 5096 4997 0651
87109021704864509649970651
PL34109021703661722431480097
PL 34 1090 2170 3661 7224 3148 0097
34 1090 2170 3661 7224 3148 0097
34109021703661722431480097
PL89103010730808233225464905
PL 89 1030 1073 0808 2332 2546 4905
89 1030 1073 0808 2332 2546 4905
89103010730808233225464905
PL85103015083901710002432039
PL 85 1030 1508 3901 7100 0243 2039
85 1030 1508 3901 7100 0243 2039
85103015083901710002432039
PL63102010558343311110308712
PL 63 1020 1055 8343 3111 1030 8712
63 1020 1055 8343 3111 1030 8712
63102010558343311110308712
PL75103015085177006435969114
PL 75 1030 1508 5177 0064 3596 9114
75 1030 1508 5177 0064 3596 9114
75103015085177006435969114
PL75249000054014152557910351
PL 75 2490 0005 4014 1525 5791 0351
75 2490 0005 4014 1525 5791 0351
75249000054014152557910351
PL38172400013029153171474491
PL 38 1724 0001 3029 1531 7147 4491
38 1724 0001 3029 1531 7147 4491
38172400013029153171474491
PL07124010375307310796043262
PL 07 1240 1037 5307 3107 9604 3262
07 1240 1037 5307 3107 9604 3262
07124010375307310796043262
PL21105015200868034849661415
PL 21 1050 1520 0868 0348 4966 1415
21 1050 1520 0868 0348 4966 1415
21105015200868034849661415
PL70109021701262078152047832
PL 70 1090 2170 1262 0781 5204 7832
70 1090 2170 1262 0781 5204 7832
70109021701262078152047832
PL38109010149640717515574424
PL 38 1090 1014 9640 7175 1557 4424
38 1090 1014 9640 7175 1557 4424
38109010149640717515574424
PL54102011276430759173527910
PL 54 1020 1127 6430 7591 7352 7910
54 1020 1127 6430 7591 7352 7910
54102011276430759173527910
PL72114020040267153584174609
PL 72 1140 2004 0267 1535 8417 4609
72 1140 2004 0267 1535 8417 4609
72114020040267153584174609
PL07160010714258504041828366
PL 07 1600 1071 4258 5040 4182 8366
07 1600 1071 4258 5040 4182 8366
07160010714258504041828366
PL09116022021747648259824219
PL 09 1160 2202 1747 6482 5982 4219
09 1160 2202 1747 6482 5982 4219
09116022021747648259824219
PL35109010713761429104252289
PL 35 1090 1071 3761 4291 0425 2289
35 1090 1071 3761 4291 0425 2289
35109010713761429104252289
PL44102010557789281981826636
PL 44 1020 1055 7789 2819 8182 6636
44 1020 1055 7789 2819 8182 6636
44102010557789281981826636
PL81105015202571233004140683
PL 81 1050 1520 2571 2330 0414 0683
81 1050 1520 2571 2330 0414 0683
81105015202571233004140683
PL64124010374610835001992666
PL 64 1240 1037 4610 8350 0199 2666
64 1240 1037 4610 8350 0199 2666
64124010374610835001992666
PL73160010711391659286366396
PL 73 1600 1071 1391 6592 8636 6396
73 1600 1071 1391 6592 8636 6396
73160010711391659286366396
PL72109010717012539314600929
PL 72 1090 1071 7012 5393 1460 0929
72 1090 1071 7012 5393 1460 0929
72109010717012539314600929
PL77249000055187843597135359
PL 77 2490 0005 5187 8435 9713 5359
77 2490 0005 5187 8435 9713 5359
77249000055187843597135359
PL29160010718978859745604467
PL 29 1600 1071 8978 8597 4560 4467
29 1600 1071 8978 8597 4560 4467
29160010718978859745604467
PL65103015082466538825158123
PL 65 1030 1508 2466 5388 2515 8123
65 1030 1508 2466 5388 2515 8123
65103015082466538825158123
PL05109021709262795724207659
PL 05 1090 2170 9262 7957 2420 7659
05 1090 2170 9262 7957 2420 7659
05109021709262795724207659
PL46102011278800270743364618
PL 46 1020 1127 8800 2707 4336 4618
46 1020 1127 8800 2707 4336 4618
46102011278800270743364618
PL76114020045837608046190130
PL 76 1140 2004 5837 6080 4619 0130
76 1140 2004 5837 6080 4619 0130
76114020045837608046190130
PL48114020047550961846261871
PL 48 1140 2004 7550 9618 4626 1871
48 1140 2004 7550 9618 4626 1871
48114020047550961846261871
PL07102010559931591970030216
PL 07 1020 1055 9931 5919 7003 0216
07 1020 1055 9931 5919 7003 0216
07102010559931591970030216
PL29116022024899642048225356
PL 29 1160 2202 4899 6420 4822 5356
29 1160 2202 4899 6420 4822 5356
29116022024899642048225356
PL28249000050967426000007732
PL 28 2490 0005 0967 4260 0000 7732
28 2490 0005 0967 4260 0000 7732
28249000050967426000007732
PL59249000054499159487493463
PL 59 2490 0005 4499 1594 8749 3463
59 2490 0005 4499 1594 8749 3463
59249000054499159487493463
PL69105015204274755672510715
PL 69 1050 1520 4274 7556 7251 0715
69 1050 1520 4274 7556 7251 0715
69105015204274755672510715
PL18172400010385103388790137
PL 18 1724 0001 0385 1033 8879 0137
18 1724 0001 0385 1033 8879 0137
18172400010385103388790137
PL62109010710672062007378865
PL 62 1090 1071 0672 0620 0737 8865
62 1090 1071 0672 0620 0737 8865
62109010710672062007378865
PL88249000057328948561065433
PL 88 2490 0005 7328 9485 6106 5433
88 2490 0005 7328 9485 6106 5433
88249000057328948561065433
PL38109021709659510195394758
PL 38 1090 2170 9659 5101 9539 4758
38 1090 2170 9659 5101 9539 4758
38109021709659510195394758
PL12109010712013670042153133
PL 12 1090 1071 2013 6700 4215 3133
12 1090 1071 2013 6700 4215 3133
12109010712013670042153133
PL01103015084548533219853936
PL 01 1030 1508 4548 5332 1985 3936
01 1030 1508 4548 5332 1985 3936
01103015084548533219853936
PL61116022023624675744222946
PL 61 1160 2202 3624 6757 4422 2946
61 1160 2202 3624 6757 4422 2946
61116022023624675744222946
PL24172400013666130515284707
PL 24 1724 0001 3666 1305 1528 4707
24 1724 0001 3666 1305 1528 4707
24172400013666130515284707
PL51103010734070085936142864
PL 51 1030 1073 4070 0859 3614 2864
51 1030 1073 4070 0859 3614 2864
51103010734070085936142864
PL57109010713452856602066974
PL 57 1090 1071 3452 8566 0206 6974
57 1090 1071 3452 8566 0206 6974
57109010713452856602066974
PL49160010718151421944634215
PL 49 1600 1071 8151 4219 4463 4215
49 1600 1071 8151 4219 4463 4215
49160010718151421944634215
PL58114020045154453591117864
PL 58 1140 2004 5154 4535 9111 7864
58 1140 2004 5154 4535 9111 7864
58114020045154453591117864
PL45102010555360327360312202
PL 45 1020 1055 5360 3273 6031 2202
45 1020 1055 5360 3273 6031 2202
45102010555360327360312202
PL35109010140203081237538854
PL 35 1090 1014 0203 0812 3753 8854
35 1090 1014 0203 0812 3753 8854
35109010140203081237538854
PL21109010144001166737761675
PL 21 1090 1014 4001 1667 3776 1675
21 1090 1014 4001 1667 3776 1675
21109010144001166737761675
PL27102011278353965686244799
PL 27 1020 1127 8353 9656 8624 4799
27 1020 1127 8353 9656 8624 4799
27102011278353965686244799
PL49124010374487239422986717
PL 49 1240 1037 4487 2394 2298 6717
49 1240 1037 4487 2394 2298 6717
49124010374487239422986717
PL25105012142852794173977928
PL 25 1050 1214 2852 7941 7397 7928
25 1050 1214 2852 7941 7397 7928
25105012142852794173977928
PL16105015207073850100799640
PL 16 1050 1520 7073 8501 0079 9640
16 1050 1520 7073 8501 0079 9640
16105015207073850100799640
PL25116022028662731546437076
PL 25 1160 2202 8662 7315 4643 7076
25 1160 2202 8662 7315 4643 7076
25116022028662731546437076
PL92114020041468812292282857
PL 92 1140 2004 1468 8122 9228 2857
92 1140 2004 1468 8122 9228 2857
92114020041468812292282857
PL30114020046963625612171922
PL 30 1140 2004 6963 6256 1217 1922
30 1140 2004 6963 6256 1217 1922
30114020046963625612171922
PL58102011270183385298735145
PL 58 1020 1127 0183 3852 9873 5145
58 1020 1127 0183 3852 9873 5145
58102011270183385298735145
PL68103010736911345257907140
PL 68 1030 1073 6911 3452 5790 7140
68 1030 1073 6911 3452 5790 7140
68103010736911345257907140
PL28124010375712410232495296
PL 28 1240 1037 5712 4102 3249 5296
28 1240 1037 5712 4102 3249 5296
28124010375712410232495296
PL44109021708741834843058826
PL 44 1090 2170 8741 8348 4305 8826
44 1090 2170 8741 8348 4305 8826
44109021708741834843058826
PL96124010379051140373947238
PL 96 1240 1037 9051 1403 7394 7238
96 1240 1037 9051 1403 7394 7238
96124010379051140373947238
PL80114020042949041617012487
PL 80 1140 2004 2949 0416 1701 2487
80 1140 2004 2949 0416 1701 2487
80114020042949041617012487
PL82249000053312412207293733
PL 82 2490 0005 3312 4122 0729 3733
82 2490 0005 3312 4122 0729 3733
82249000053312412207293733
PL77105015204946935008581229
PL 77 1050 1520 4946 9350 0858 1229
77 1050 1520 4946 9350 0858 1229
77105015204946935008581229
PL52109010145955180005992721
PL 52 1090 1014 5955 1800 0599 2721
52 1090 1014 5955 1800 0599 2721
52109010145955180005992721
PL57103010736805322180317729
PL 57 1030 1073 6805 3221 8031 7729
57 1030 1073 6805 3221 8031 7729
57103010736805322180317729
PL58105015207264676518052219
PL 58 1050 1520 7264 6765 1805 2219
58 1050 1520 7264 6765 1805 2219
58105015207264676518052219
PL59109010711567621984719702
PL 59 1090 1071 1567 6219 8471 9702
59 1090 1071 1567 6219 8471 9702
59109010711567621984719702
PL16116022026293548509686040
PL 16 1160 2202 6293 5485 0968 6040
16 1160 2202 6293 5485 0968 6040
16116022026293548509686040
PL34102010557086845102953823
PL 34 1020 1055 7086 8451 0295 3823
34 1020 1055 7086 8451 0295 3823
34102010557086845102953823
PL30249000050501976877121003
PL 30 2490 0005 0501 9768 7712 1003
30 2490 0005 0501 9768 7712 1003
30249000050501976877121003
PL30114020044349589716686242
PL 30 1140 2004 4349 5897 1668 6242
30 1140 2004 4349 5897 1668 6242
30114020044349589716686242
PL62109010712088944892378870
PL 62 1090 1071 2088 9448 9237 8870
62 1090 1071 2088 9448 9237 8870
62109010712088944892378870
PL66116022022108292862755750
PL 66 1160 2202 2108 2928 6275 5750
66 1160 2202 2108 2928 6275 5750
66116022022108292862755750
PL76103015089854289912779721
PL 76 1030 1508 9854 2899 1277 9721
76 1030 1508 9854 2899 1277 9721
76103015089854289912779721
PL08102010556769335194946226
PL 08 1020 1055 6769 3351 9494 6226
08 1020 1055 6769 3351 9494 6226
08102010556769335194946226
PL98124010379389143636124924
PL 98 1240 1037 9389 1436 3612 4924
98 1240 1037 9389 1436 3612 4924
98124010379389143636124924
PL08105015205906933608709060
PL 08 1050 1520 5906 9336 0870 9060
08 1050 1520 5906 9336 0870 9060
08105015205906933608709060
PL89124010378753635646271442
PL 89 1240 1037 8753 6356 4627 1442
89 1240 1037 8753 6356 4627 1442
89124010378753635646271442
PL39109010715290609443656713
PL 39 1090 1071 5290 6094 4365 6713
39 1090 1071 5290 6094 4365 6713
39109010715290609443656713
PL93249000054743803432046865
PL 93 2490 0005 4743 8034 3204 6865
93 2490 0005 4743 8034 3204 6865
93249000054743803432046865
PL08105012144181091780101125
PL 08 1050 1214 4181 0917 8010 1125
08 1050 1214 4181 0917 8010 1125
08105012144181091780101125
PL44102011274495206375166352
PL 44 1020 1127 4495 2063 7516 6352
44 1020 1127 4495 2063 7516 6352
44102011274495206375166352
PL86109010149739451821938060
PL 86 1090 1014 9739 4518 2193 8060
86 1090 1014 9739 4518 2193 8060
86109010149739451821938060
PL33103015085891109605147398
PL 33 1030 1508 5891 1096 0514 7398
33 1030 1508 5891 1096 0514 7398
33103015085891109605147398
PL89249000057930248142643693
PL 89 2490 0005 7930 2481 4264 3693
89 2490 0005 7930 2481 4264 3693
89249000057930248142643693
PL76105012149648903874361165
PL 76 1050 1214 9648 9038 7436 1165
76 1050 1214 9648 9038 7436 1165
76105012149648903874361165
PL30172400010446131797410169
PL 30 1724 0001 0446 1317 9741 0169
30 1724 0001 0446 1317 9741 0169
30172400010446131797410169
PL34160010712763613357571718
PL 34 1600 1071 2763 6133 5757 1718
34 1600 1071 2763 6133 5757 1718
34160010712763613357571718
PL63172400013339583880563801
PL 63 1724 0001 3339 5838 8056 3801
63 1724 0001 3339 5838 8056 3801
63172400013339583880563801
PL96249000054516836371449085
PL 96 2490 0005 4516 8363 7144 9085
96 2490 0005 4516 8363 7144 9085
96249000054516836371449085
PL92172400019528477240913990
PL 92 1724 0001 9528 4772 4091 3990
92 1724 0001 9528 4772 4091 3990
92172400019528477240913990
PL12103010735140017465847934
PL 12 1030 1073 5140 0174 6584 7934
12 1030 1073 5140 0174 6584 7934
12103010735140017465847934
PL75109010140510485373307325
PL 75 1090 1014 0510 4853 7330 7325
75 1090 1014 0510 4853 7330 7325
75109010140510485373307325
PL72105012143132860612880721
PL 72 1050 1214 3132 8606 1288 0721
72 1050 1214 3132 8606 1288 0721
72105012143132860612880721
PL54249000058261514638494860
PL 54 2490 0005 8261 5146 3849 4860
54 2490 0005 8261 5146 3849 4860
54249000058261514638494860
PL99103010732526513252480704
PL 99 1030 1073 2526 5132 5248 0704
99 1030 1073 2526 5132 5248 0704
99103010732526513252480704
PL31109021706409596815366814
PL 31 1090 2170 6409 5968 1536 6814
31 1090 2170 6409 5968 1536 6814
31109021706409596815366814
PL84103010730874517012664337
PL 84 1030 1073 0874 5170 1266 4337
84 1030 1073 0874 5170 1266 4337
84103010730874517012664337
PL50109021706119744948025227
PL 50 1090 2170 6119 7449 4802 5227
50 1090 2170 6119 7449 4802 5227
50109021706119744948025227
PL39116022029136542659613655
PL 39 1160 2202 9136 5426 5961 3655
39 1160 2202 9136 5426 5961 3655
39116022029136542659613655
PL39249000054768829328988767
PL 39 2490 0005 4768 8293 2898 8767
39 2490 0005 4768 8293 2898 8767
39249000054768829328988767
PL31109021701344577352267731
PL 31 1090 2170 1344 5773 5226 7731
31 1090 2170 1344 5773 5226 7731
31109021701344577352267731
PL68172400015684914789952933
PL 68 1724 0001 5684 9147 8995 2933
68 1724 0001 5684 9147 8995 2933
68172400015684914789952933
PL98105012149765290636218847
PL 98 1050 1214 9765 2906 3621 8847
98 1050 1214 9765 2906 3621 8847
98105012149765290636218847
PL23116022026337246468590424
PL 23 1160 2202 6337 2464 6859 0424
23 1160 2202 6337 2464 6859 0424
23116022026337246468590424
PL64160010715648328371869751
PL 64 1600 1071 5648 3283 7186 9751
64 1600 1071 5648 3283 7186 9751
64160010715648328371869751
PL02105012140595552669697386
PL 02 1050 1214 0595 5526 6969 7386
02 1050 1214 0595 5526 6969 7386
02105012140595552669697386
PL94105012142171127784923318
PL 94 1050 1214 2171 1277 8492 3318
94 1050 1214 2171 1277 8492 3318
94105012142171127784923318
PL89249000057182791899992958
PL 89 2490 0005 7182 7918 9999 2958
89 2490 0005 7182 7918 9999 2958
89249000057182791899992958
PL35172400010702011274907320
PL 35 1724 0001 0702 0112 7490 7320
35 1724 0001 0702 0112 7490 7320
35172400010702011274907320
PL49105012143268161794670408
PL 49 1050 1214 3268 1617 9467 0408
49 1050 1214 3268 1617 9467 0408
49105012143268161794670408
PL43103015084094176723064184
PL 43 1030 1508 4094 1767 2306 4184
43 1030 1508 4094 1767 2306 4184
43103015084094176723064184
PL61172400019060888479211131
PL 61 1724 0001 9060 8884 7921 1131
61 1724 0001 9060 8884 7921 1131
61172400019060888479211131
PL44102010554577163502799990
PL 44 1020 1055 4577 1635 0279 9990
44 1020 1055 4577 1635 0279 9990
44102010554577163502799990
PL34172400018523439226244509
PL 34 1724 0001 8523 4392 2624 4509
34 1724 0001 8523 4392 2624 4509
34172400018523439226244509
PL91103015084160204506125510
PL 91 1030 1508 4160 2045 0612 5510
91 1030 1508 4160 2045 0612 5510
91103015084160204506125510
