+48 665 719 287
+48665719287
48 665 719 287
665-719-287
665 719 287
665719287
+48 12 142 45 81
(12) 142-45-81
12 142 45 81
121424581
+48 739 763 004
+48739763004
48 739 763 004
739-763-004
739 763 004
739763004
+48 698 929 657
+48698929657
48 698 929 657
698-929-657
698 929 657
698929657
+48 797 436 319
+48797436319
48 797 436 319
797-436-319
797 436 319
797436319
+48 503 032 443
+48503032443
48 503 032 443
503-032-443
503 032 443
503032443
+48 535 866 917
+48535866917
48 535 866 917
535-866-917
535 866 917
535866917
+48 81 074 65 38
(81) 074-65-38
81 074 65 38
810746538
+48 724 146 236
+48724146236
48 724 146 236
724-146-236
724 146 236
724146236
+48 12 014 09 66
(12) 014-09-66
12 014 09 66
120140966
+48 884 801 492
+48884801492
48 884 801 492
884-801-492
884 801 492
884801492
+48 61 085 74 16
(61) 085-74-16
61 085 74 16
610857416
+48 537 926 076
+48537926076
48 537 926 076
537-926-076
537 926 076
537926076
+48 798 230 634
+48798230634
48 798 230 634
798-230-634
798 230 634
798230634
+48 61 053 64 38
(61) 053-64-38
61 053 64 38
610536438
+48 508 664 492
+48508664492
48 508 664 492
508-664-492
508 664 492
508664492
+48 32 453 68 02
(32) 453-68-02
32 453 68 02
324536802
+48 797 930 010
+48797930010
48 797 930 010
797-930-010
797 930 010
797930010
+48 32 394 72 42
(32) 394-72-42
32 394 72 42
323947242
+48 664 199 835
+48664199835
48 664 199 835
664-199-835
664 199 835
664199835
+48 12 792 31 95
(12) 792-31-95
12 792 31 95
127923195
+48 12 158 82 22
(12) 158-82-22
12 158 82 22
121588222
+48 22 824 15 07
(22) 824-15-07
22 824 15 07
228241507
+48 514 105 872
+48514105872
48 514 105 872
514-105-872
514 105 872
514105872
+48 609 609 108
+48609609108
48 609 609 108
609-609-108
609 609 108
609609108
+48 22 136 17 20
(22) 136-17-20
22 136 17 20
221361720
+48 512 413 509
+48512413509
48 512 413 509
512-413-509
512 413 509
512413509
+48 32 766 10 87
(32) 766-10-87
32 766 10 87
327661087
+48 799 669 396
+48799669396
48 799 669 396
799-669-396
799 669 396
799669396
+48 604 976 103
+48604976103
48 604 976 103
604-976-103
604 976 103
604976103
+48 799 248 045
+48799248045
48 799 248 045
799-248-045
799 248 045
799248045
+48 880 322 335
+48880322335
48 880 322 335
880-322-335
880 322 335
880322335
+48 509 894 826
+48509894826
48 509 894 826
509-894-826
509 894 826
509894826
+48 12 902 20 42
(12) 902-20-42
12 902 20 42
129022042
+48 61 569 06 15
(61) 569-06-15
61 569 06 15
615690615
+48 695 427 130
+48695427130
48 695 427 130
695-427-130
695 427 130
695427130
+48 886 619 255
+48886619255
48 886 619 255
886-619-255
886 619 255
886619255
+48 61 172 38 46
(61) 172-38-46
61 172 38 46
611723846
+48 32 238 77 94
(32) 238-77-94
32 238 77 94
322387794
+48 510 712 260
+48510712260
48 510 712 260
510-712-260
510 712 260
510712260
+48 577 162 264
+48577162264
48 577 162 264
577-162-264
577 162 264
577162264
+48 58 727 83 20
(58) 727-83-20
58 727 83 20
587278320
+48 570 291 607
+48570291607
48 570 291 607
570-291-607
570 291 607
570291607
+48 799 904 422
+48799904422
48 799 904 422
799-904-422
799 904 422
799904422
+48 91 391 98 84
(91) 391-98-84
91 391 98 84
913919884
+48 787 403 543
+48787403543
48 787 403 543
787-403-543
787 403 543
787403543
+48 539 296 181
+48539296181
48 539 296 181
539-296-181
539 296 181
539296181
+48 519 335 245
+48519335245
48 519 335 245
519-335-245
519 335 245
519335245
+48 58 156 25 43
(58) 156-25-43
58 156 25 43
581562543
+48 789 026 518
+48789026518
48 789 026 518
789-026-518
789 026 518
789026518
+48 781 968 266
+48781968266
48 781 968 266
781-968-266
781 968 266
781968266
+48 71 905 10 37
(71) 905-10-37
71 905 10 37
719051037
+48 514 719 592
+48514719592
48 514 719 592
514-719-592
514 719 592
514719592
+48 578 802 612
+48578802612
48 578 802 612
578-802-612
578 802 612
578802612
+48 61 218 12 07
(61) 218-12-07
61 218 12 07
612181207
+48 531 624 520
+48531624520
48 531 624 520
531-624-520
531 624 520
531624520
+48 575 976 915
+48575976915
48 575 976 915
575-976-915
575 976 915
575976915
+48 881 091 446
+48881091446
48 881 091 446
881-091-446
881 091 446
881091446
+48 793 811 102
+48793811102
48 793 811 102
793-811-102
793 811 102
793811102
+48 579 806 850
+48579806850
48 579 806 850
579-806-850
579 806 850
579806850
+48 668 380 385
+48668380385
48 668 380 385
668-380-385
668 380 385
668380385
+48 661 539 165
+48661539165
48 661 539 165
661-539-165
661 539 165
661539165
+48 785 951 821
+48785951821
48 785 951 821
785-951-821
785 951 821
785951821
+48 699 665 360
+48699665360
48 699 665 360
699-665-360
699 665 360
699665360
+48 793 867 732
+48793867732
48 793 867 732
793-867-732
793 867 732
793867732
+48 603 056 204
+48603056204
48 603 056 204
603-056-204
603 056 204
603056204
+48 578 704 370
+48578704370
48 578 704 370
578-704-370
578 704 370
578704370
+48 58 717 18 08
(58) 717-18-08
58 717 18 08
587171808
+48 81 399 95 50
(81) 399-95-50
81 399 95 50
813999550
+48 32 032 80 53
(32) 032-80-53
32 032 80 53
320328053
+48 600 262 532
+48600262532
48 600 262 532
600-262-532
600 262 532
600262532
+48 12 790 74 32
(12) 790-74-32
12 790 74 32
127907432
+48 61 671 46 69
(61) 671-46-69
61 671 46 69
616714669
+48 81 566 36 39
(81) 566-36-39
81 566 36 39
815663639
+48 32 536 43 78
(32) 536-43-78
32 536 43 78
325364378
+48 697 493 801
+48697493801
48 697 493 801
697-493-801
697 493 801
697493801
+48 795 579 239
+48795579239
48 795 579 239
795-579-239
795 579 239
795579239
+48 724 856 416
+48724856416
48 724 856 416
724-856-416
724 856 416
724856416
+48 539 254 963
+48539254963
48 539 254 963
539-254-963
539 254 963
539254963
+48 790 454 915
+48790454915
48 790 454 915
790-454-915
790 454 915
790454915
+48 733 121 320
+48733121320
48 733 121 320
733-121-320
733 121 320
733121320
+48 576 017 530
+48576017530
48 576 017 530
576-017-530
576 017 530
576017530
+48 571 315 848
+48571315848
48 571 315 848
571-315-848
571 315 848
571315848
+48 511 996 230
+48511996230
48 511 996 230
511-996-230
511 996 230
511996230
+48 505 534 917
+48505534917
48 505 534 917
505-534-917
505 534 917
505534917
+48 52 472 14 74
(52) 472-14-74
52 472 14 74
524721474
+48 530 196 744
+48530196744
48 530 196 744
530-196-744
530 196 744
530196744
+48 504 987 783
+48504987783
48 504 987 783
504-987-783
504 987 783
504987783
+48 12 336 45 70
(12) 336-45-70
12 336 45 70
123364570
+48 538 126 263
+48538126263
48 538 126 263
538-126-263
538 126 263
538126263
+48 58 473 80 33
(58) 473-80-33
58 473 80 33
584738033
+48 61 406 50 53
(61) 406-50-53
61 406 50 53
614065053
+48 500 609 059
+48500609059
48 500 609 059
500-609-059
500 609 059
500609059
+48 888 657 091
+48888657091
48 888 657 091
888-657-091
888 657 091
888657091
+48 510 452 844
+48510452844
48 510 452 844
510-452-844
510 452 844
510452844
+48 794 085 511
+48794085511
48 794 085 511
794-085-511
794 085 511
794085511
+48 727 588 431
+48727588431
48 727 588 431
727-588-431
727 588 431
727588431
+48 42 229 14 28
(42) 229-14-28
42 229 14 28
422291428
+48 22 665 89 11
(22) 665-89-11
22 665 89 11
226658911
+48 784 445 366
+48784445366
48 784 445 366
784-445-366
784 445 366
784445366
+48 515 767 813
+48515767813
48 515 767 813
515-767-813
515 767 813
515767813
+48 81 196 68 04
(81) 196-68-04
81 196 68 04
811966804
+48 81 443 09 33
(81) 443-09-33
81 443 09 33
814430933
+48 726 432 587
+48726432587
48 726 432 587
726-432-587
726 432 587
726432587
+48 795 084 872
+48795084872
48 795 084 872
795-084-872
795 084 872
795084872
+48 91 090 38 18
(91) 090-38-18
91 090 38 18
910903818
+48 61 938 76 81
(61) 938-76-81
61 938 76 81
619387681
+48 71 153 57 75
(71) 153-57-75
71 153 57 75
711535775
+48 882 859 917
+48882859917
48 882 859 917
882-859-917
882 859 917
882859917
+48 506 854 770
+48506854770
48 506 854 770
506-854-770
506 854 770
506854770
+48 789 574 034
+48789574034
48 789 574 034
789-574-034
789 574 034
789574034
+48 58 644 24 24
(58) 644-24-24
58 644 24 24
586442424
+48 91 281 45 01
(91) 281-45-01
91 281 45 01
912814501
+48 786 355 697
+48786355697
48 786 355 697
786-355-697
786 355 697
786355697
+48 792 779 332
+48792779332
48 792 779 332
792-779-332
792 779 332
792779332
+48 662 918 555
+48662918555
48 662 918 555
662-918-555
662 918 555
662918555
+48 726 312 155
+48726312155
48 726 312 155
726-312-155
726 312 155
726312155
+48 52 416 46 63
(52) 416-46-63
52 416 46 63
524164663
+48 535 025 288
+48535025288
48 535 025 288
535-025-288
535 025 288
535025288
+48 697 422 751
+48697422751
48 697 422 751
697-422-751
697 422 751
697422751
+48 515 283 935
+48515283935
48 515 283 935
515-283-935
515 283 935
515283935
+48 720 310 637
+48720310637
48 720 310 637
720-310-637
720 310 637
720310637
+48 570 304 890
+48570304890
48 570 304 890
570-304-890
570 304 890
570304890
+48 725 319 932
+48725319932
48 725 319 932
725-319-932
725 319 932
725319932
+48 730 811 985
+48730811985
48 730 811 985
730-811-985
730 811 985
730811985
+48 883 911 095
+48883911095
48 883 911 095
883-911-095
883 911 095
883911095
+48 786 072 095
+48786072095
48 786 072 095
786-072-095
786 072 095
786072095
+48 734 657 134
+48734657134
48 734 657 134
734-657-134
734 657 134
734657134
+48 570 411 820
+48570411820
48 570 411 820
570-411-820
570 411 820
570411820
+48 513 115 762
+48513115762
48 513 115 762
513-115-762
513 115 762
513115762
+48 793 676 007
+48793676007
48 793 676 007
793-676-007
793 676 007
793676007
+48 91 049 13 37
(91) 049-13-37
91 049 13 37
910491337
+48 721 479 211
+48721479211
48 721 479 211
721-479-211
721 479 211
721479211
+48 534 575 159
+48534575159
48 534 575 159
534-575-159
534 575 159
534575159
+48 58 957 30 74
(58) 957-30-74
58 957 30 74
589573074
+48 518 508 061
+48518508061
48 518 508 061
518-508-061
518 508 061
518508061
+48 727 807 570
+48727807570
48 727 807 570
727-807-570
727 807 570
727807570
+48 516 878 392
+48516878392
48 516 878 392
516-878-392
516 878 392
516878392
+48 601 643 003
+48601643003
48 601 643 003
601-643-003
601 643 003
601643003
+48 722 780 236
+48722780236
48 722 780 236
722-780-236
722 780 236
722780236
+48 699 795 042
+48699795042
48 699 795 042
699-795-042
699 795 042
699795042
+48 693 427 448
+48693427448
48 693 427 448
693-427-448
693 427 448
693427448
+48 52 382 92 36
(52) 382-92-36
52 382 92 36
523829236
+48 720 973 775
+48720973775
48 720 973 775
720-973-775
720 973 775
720973775
+48 58 147 61 18
(58) 147-61-18
58 147 61 18
581476118
+48 570 509 556
+48570509556
48 570 509 556
570-509-556
570 509 556
570509556
+48 71 293 23 61
(71) 293-23-61
71 293 23 61
712932361
+48 533 661 799
+48533661799
48 533 661 799
533-661-799
533 661 799
533661799
+48 61 608 68 53
(61) 608-68-53
61 608 68 53
616086853
+48 502 282 661
+48502282661
48 502 282 661
502-282-661
502 282 661
502282661
+48 501 260 173
+48501260173
48 501 260 173
501-260-173
501 260 173
501260173
+48 58 136 53 78
(58) 136-53-78
58 136 53 78
581365378
+48 91 875 47 02
(91) 875-47-02
91 875 47 02
918754702
+48 724 658 170
+48724658170
48 724 658 170
724-658-170
724 658 170
724658170
+48 12 576 82 07
(12) 576-82-07
12 576 82 07
125768207
+48 720 195 451
+48720195451
48 720 195 451
720-195-451
720 195 451
720195451
+48 780 161 147
+48780161147
48 780 161 147
780-161-147
780 161 147
780161147
+48 571 320 969
+48571320969
48 571 320 969
571-320-969
571 320 969
571320969
+48 606 484 016
+48606484016
48 606 484 016
606-484-016
606 484 016
606484016
+48 888 154 908
+48888154908
48 888 154 908
888-154-908
888 154 908
888154908
+48 71 386 08 53
(71) 386-08-53
71 386 08 53
713860853
+48 512 182 073
+48512182073
48 512 182 073
512-182-073
512 182 073
512182073
+48 736 683 693
+48736683693
48 736 683 693
736-683-693
736 683 693
736683693
+48 799 022 713
+48799022713
48 799 022 713
799-022-713
799 022 713
799022713
+48 12 606 87 70
(12) 606-87-70
12 606 87 70
126068770
+48 661 129 778
+48661129778
48 661 129 778
661-129-778
661 129 778
661129778
+48 91 809 48 94
(91) 809-48-94
91 809 48 94
918094894
+48 664 623 733
+48664623733
48 664 623 733
664-623-733
664 623 733
664623733
+48 508 899 849
+48508899849
48 508 899 849
508-899-849
508 899 849
508899849
+48 501 216 009
+48501216009
48 501 216 009
501-216-009
501 216 009
501216009
+48 662 061 633
+48662061633
48 662 061 633
662-061-633
662 061 633
662061633
+48 668 513 897
+48668513897
48 668 513 897
668-513-897
668 513 897
668513897
+48 576 316 765
+48576316765
48 576 316 765
576-316-765
576 316 765
576316765
+48 667 339 358
+48667339358
48 667 339 358
667-339-358
667 339 358
667339358
+48 531 293 711
+48531293711
48 531 293 711
531-293-711
531 293 711
531293711
+48 12 427 23 63
(12) 427-23-63
12 427 23 63
124272363
+48 791 397 889
+48791397889
48 791 397 889
791-397-889
791 397 889
791397889
+48 884 944 263
+48884944263
48 884 944 263
884-944-263
884 944 263
884944263
+48 52 826 41 77
(52) 826-41-77
52 826 41 77
528264177
+48 511 805 578
+48511805578
48 511 805 578
511-805-578
511 805 578
511805578
+48 42 602 07 38
(42) 602-07-38
42 602 07 38
426020738
+48 666 767 782
+48666767782
48 666 767 782
666-767-782
666 767 782
666767782
+48 604 238 422
+48604238422
48 604 238 422
604-238-422
604 238 422
604238422
+48 880 284 106
+48880284106
48 880 284 106
880-284-106
880 284 106
880284106
+48 506 339 268
+48506339268
48 506 339 268
506-339-268
506 339 268
506339268
+48 780 186 465
+48780186465
48 780 186 465
780-186-465
780 186 465
780186465
+48 42 463 75 87
(42) 463-75-87
42 463 75 87
424637587
+48 790 497 140
+48790497140
48 790 497 140
790-497-140
790 497 140
790497140
+48 12 612 50 58
(12) 612-50-58
12 612 50 58
126125058
+48 519 763 521
+48519763521
48 519 763 521
519-763-521
519 763 521
519763521
+48 739 362 297
+48739362297
48 739 362 297
739-362-297
739 362 297
739362297
+48 58 948 04 69
(58) 948-04-69
58 948 04 69
589480469
+48 71 401 54 80
(71) 401-54-80
71 401 54 80
714015480
+48 783 928 192
+48783928192
48 783 928 192
783-928-192
783 928 192
783928192
+48 58 436 62 95
(58) 436-62-95
58 436 62 95
584366295
+48 737 486 654
+48737486654
48 737 486 654
737-486-654
737 486 654
737486654
+48 666 106 447
+48666106447
48 666 106 447
666-106-447
666 106 447
666106447
+48 534 194 402
+48534194402
48 534 194 402
534-194-402
534 194 402
534194402
+48 508 736 888
+48508736888
48 508 736 888
508-736-888
508 736 888
508736888
+48 52 750 02 26
(52) 750-02-26
52 750 02 26
527500226
