66122312739
66 12 23 12739
661223-12739
09242611984
09 24 26 11984
092426-11984
05320170578
05 32 01 70578
053201-70578
02252468915
02 25 24 68915
022524-68915
05232171544
05 23 21 71544
052321-71544
75041184266
75 04 11 84266
750411-84266
63010685984
63 01 06 85984
630106-85984
65032163206
65 03 21 63206
650321-63206
88040397267
88 04 03 97267
880403-97267
62111035258
62 11 10 35258
621110-35258
57061137941
57 06 11 37941
570611-37941
01221816597
01 22 18 16597
012218-16597
04231058245
04 23 10 58245
042310-58245
51110385471
51 11 03 85471
511103-85471
56040744532
56 04 07 44532
560407-44532
84042224389
84 04 22 24389
840422-24389
86100446225
86 10 04 46225
861004-46225
73090187162
73 09 01 87162
730901-87162
72101943663
72 10 19 43663
721019-43663
72032317498
72 03 23 17498
720323-17498
78071920844
78 07 19 20844
780719-20844
09310230181
09 31 02 30181
093102-30181
88092491568
88 09 24 91568
880924-91568
72050262518
72 05 02 62518
720502-62518
06311775587
06 31 17 75587
063117-75587
67102340953
67 10 23 40953
671023-40953
60061126480
60 06 11 26480
600611-26480
00300175316
00 30 01 75316
003001-75316
03310845165
03 31 08 45165
033108-45165
70102764005
70 10 27 64005
701027-64005
98020459810
98 02 04 59810
980204-59810
83080148312
83 08 01 48312
830801-48312
64062748272
64 06 27 48272
640627-48272
55012144064
55 01 21 44064
550121-44064
83112271681
83 11 22 71681
831122-71681
89051998816
89 05 19 98816
890519-98816
89040953635
89 04 09 53635
890409-53635
77102849499
77 10 28 49499
771028-49499
80121200130
80 12 12 00130
801212-00130
57052817041
57 05 28 17041
570528-17041
75101805056
75 10 18 05056
751018-05056
80031460529
80 03 14 60529
800314-60529
83101713062
83 10 17 13062
831017-13062
59022833938
59 02 28 33938
590228-33938
05301538586
05 30 15 38586
053015-38586
66070891298
66 07 08 91298
660708-91298
66110994479
66 11 09 94479
661109-94479
70042170218
70 04 21 70218
700421-70218
09261032869
09 26 10 32869
092610-32869
70042868366
70 04 28 68366
700428-68366
50012330745
50 01 23 30745
500123-30745
55041126699
55 04 11 26699
550411-26699
58070577452
58 07 05 77452
580705-77452
70050188342
70 05 01 88342
700501-88342
58092357155
58 09 23 57155
580923-57155
57061181490
57 06 11 81490
570611-81490
06261776955
06 26 17 76955
062617-76955
88101680501
88 10 16 80501
881016-80501
56040205949
56 04 02 05949
560402-05949
52082152689
52 08 21 52689
520821-52689
78082183436
78 08 21 83436
780821-83436
57120852309
57 12 08 52309
571208-52309
09250690096
09 25 06 90096
092506-90096
62061818246
62 06 18 18246
620618-18246
82040657141
82 04 06 57141
820406-57141
55011727187
55 01 17 27187
550117-27187
77082392640
77 08 23 92640
770823-92640
92040605402
92 04 06 05402
920406-05402
74080588310
74 08 05 88310
740805-88310
76051421561
76 05 14 21561
760514-21561
97011569736
97 01 15 69736
970115-69736
88091628286
88 09 16 28286
880916-28286
94022258051
94 02 22 58051
940222-58051
86062805443
86 06 28 05443
860628-05443
08311437238
08 31 14 37238
083114-37238
62102276642
62 10 22 76642
621022-76642
81071449844
81 07 14 49844
810714-49844
68061503119
68 06 15 03119
680615-03119
04311207107
04 31 12 07107
043112-07107
87060887776
87 06 08 87776
870608-87776
92072225029
92 07 22 25029
920722-25029
10312536601
10 31 25 36601
103125-36601
06310967253
06 31 09 67253
063109-67253
94031148350
94 03 11 48350
940311-48350
59102350425
59 10 23 50425
591023-50425
59081795662
59 08 17 95662
590817-95662
89062034637
89 06 20 34637
890620-34637
05212569941
05 21 25 69941
052125-69941
06272614125
06 27 26 14125
062726-14125
61110304857
61 11 03 04857
611103-04857
09301127834
09 30 11 27834
093011-27834
93111024296
93 11 10 24296
931110-24296
03272891785
03 27 28 91785
032728-91785
76042473160
76 04 24 73160
760424-73160
98041762269
98 04 17 62269
980417-62269
69111213499
69 11 12 13499
691112-13499
04320676404
04 32 06 76404
043206-76404
93112068048
93 11 20 68048
931120-68048
10291894253
10 29 18 94253
102918-94253
69020197239
69 02 01 97239
690201-97239
02211790112
02 21 17 90112
022117-90112
01301759923
01 30 17 59923
013017-59923
69102174994
69 10 21 74994
691021-74994
64042256412
64 04 22 56412
640422-56412
59121055293
59 12 10 55293
591210-55293
84052416796
84 05 24 16796
840524-16796
65061006369
65 06 10 06369
650610-06369
07242087275
07 24 20 87275
072420-87275
60062779526
60 06 27 79526
600627-79526
62090300596
62 09 03 00596
620903-00596
62021160646
62 02 11 60646
620211-60646
75071804370
75 07 18 04370
750718-04370
66051324759
66 05 13 24759
660513-24759
51092551475
51 09 25 51475
510925-51475
67030641001
67 03 06 41001
670306-41001
63121739570
63 12 17 39570
631217-39570
57122892804
57 12 28 92804
571228-92804
57042015578
57 04 20 15578
570420-15578
64011731001
64 01 17 31001
640117-31001
62051148801
62 05 11 48801
620511-48801
82091774053
82 09 17 74053
820917-74053
83102565804
83 10 25 65804
831025-65804
75112174491
75 11 21 74491
751121-74491
53120341234
53 12 03 41234
531203-41234
56011818523
56 01 18 18523
560118-18523
58070208833
58 07 02 08833
580702-08833
51101262251
51 10 12 62251
511012-62251
09280600610
09 28 06 00610
092806-00610
51120512915
51 12 05 12915
511205-12915
98111789088
98 11 17 89088
981117-89088
93112797120
93 11 27 97120
931127-97120
91011176101
91 01 11 76101
910111-76101
58052804950
58 05 28 04950
580528-04950
04211780953
04 21 17 80953
042117-80953
59060453413
59 06 04 53413
590604-53413
05220300394
05 22 03 00394
052203-00394
97052198333
97 05 21 98333
970521-98333
83051599503
83 05 15 99503
830515-99503
97032189742
97 03 21 89742
970321-89742
03321112591
03 32 11 12591
033211-12591
57101594286
57 10 15 94286
571015-94286
76041125129
76 04 11 25129
760411-25129
69021757245
69 02 17 57245
690217-57245
53010927164
53 01 09 27164
530109-27164
64012724598
64 01 27 24598
640127-24598
98081742632
98 08 17 42632
980817-42632
96050933898
96 05 09 33898
960509-33898
50072791045
50 07 27 91045
500727-91045
76021149394
76 02 11 49394
760211-49394
54052597548
54 05 25 97548
540525-97548
94120629391
94 12 06 29391
941206-29391
75072867363
75 07 28 67363
750728-67363
79082472799
79 08 24 72799
790824-72799
58060499346
58 06 04 99346
580604-99346
95020283566
95 02 02 83566
950202-83566
06241056606
06 24 10 56606
062410-56606
68100223167
68 10 02 23167
681002-23167
77101427876
77 10 14 27876
771014-27876
69121451364
69 12 14 51364
691214-51364
61101083338
61 10 10 83338
611010-83338
51040211684
51 04 02 11684
510402-11684
95051772996
95 05 17 72996
950517-72996
66091829852
66 09 18 29852
660918-29852
62051850287
62 05 18 50287
620518-50287
09261950125
09 26 19 50125
092619-50125
94101659571
94 10 16 59571
941016-59571
09221072850
09 22 10 72850
092210-72850
96112639876
96 11 26 39876
961126-39876
96071946994
96 07 19 46994
960719-46994
86081898163
86 08 18 98163
860818-98163
62050837517
62 05 08 37517
620508-37517
51091997731
51 09 19 97731
510919-97731
79102277733
79 10 22 77733
791022-77733
82040749574
82 04 07 49574
820407-49574
88081327832
88 08 13 27832
880813-27832
70021926214
70 02 19 26214
700219-26214
86032550500
86 03 25 50500
860325-50500
95100675922
95 10 06 75922
951006-75922
66050536506
66 05 05 36506
660505-36506
62032341294
62 03 23 41294
620323-41294
00312531089
00 31 25 31089
003125-31089
68080234425
68 08 02 34425
680802-34425
07271842940
07 27 18 42940
072718-42940
57070149191
57 07 01 49191
570701-49191
78051172898
78 05 11 72898
780511-72898
91041963920
91 04 19 63920
910419-63920
51092077212
51 09 20 77212
510920-77212
76061893471
76 06 18 93471
760618-93471
68120766848
68 12 07 66848
681207-66848
10281883531
10 28 18 83531
102818-83531
86091883180
86 09 18 83180
860918-83180
59060144847
59 06 01 44847
590601-44847
74011137882
74 01 11 37882
740111-37882
58122343901
58 12 23 43901
581223-43901
60110600222
60 11 06 00222
601106-00222
04232598029
04 23 25 98029
042325-98029
53052690435
53 05 26 90435
530526-90435
89100431419
89 10 04 31419
891004-31419
61050924290
61 05 09 24290
610509-24290
94021715403
94 02 17 15403
940217-15403
